1188451ms //weight,weightless计算时间

//weightless为加权的slopeone
MAE=2.115860445289405
RMSE=2.416530827785309
recall=0.042188303892985765
precision=0.5189873417721519
30199ms


//weight 加权slopeone
MAE=1.0147045819204301
RMSE=1.4037910629555204
recall=0.44846573559593533
precision=0.6458333333333334
28645ms








140066ms
MAE=0.8630836805727198
RMSE=1.1499420270910041
recall=0.4705750727232043
precision=0.7119160460392688
1784ms

